22  Gamma                  0.00000   0.00000  2  0  0  0  0  1  0  1
211  Pion(+)                0.13800   0.00000  1  0  0  0  1  3  1  1
111  Pion(0)                0.13800   0.00000  1  0  0  0  1  3  0  1
-211  Pion(-)                0.13800   0.00000  1  0  0  0  1  3 -1  1
321  Kaon(+)                0.49400   0.00000  1  0  1  0  0  2  1  1
-321  Kaon(-)                0.49400   0.00000  1  0 -1  0  0  2 -1  1
311  Kaon(0)                0.49400   0.00000  1  0  1  0  0  2  0  1
-311  Anti-Kaon(0)           0.49400   0.00000  1  0 -1  0  0  2  0  1
221  eta                    0.54700   0.00000  1  0  0  0  0  1  0  4
213  rho(+)                0.76900   0.15100  3  0  0  0  2  3  1  1
113  rho(0)                0.76900   0.15100  3  0  0  0  2  3  0  1
-213  rho(-)                0.76900   0.15100  3  0  0  0  2  3 -1  1
223  omega                   0.78200   0.00843  3  0  0  0  3  1  0  3
323  K*892(+)              0.89300   0.05000  3  0  1  0  0  2  1  2
-323  K*892(-)              0.89300   0.05000  3  0 -1  0  0  2 -1  2
313  K*892(0)              0.89300   0.05000  3  0  1  0  0  2  0  2
-313  Anti-K*892(0)         0.89300   0.05000  3  0 -1  0  0  2  0  2
2212  p                      0.93800   0.00000  2  1  0  0  0  2  1  1
2112  n                      0.93800   0.00000  2  1  0  0  0  2  0  1
331  eta-prime(958)         0.95800   0.00020  1  0  0  0  0  1  0  5
10221  f0(980)                0.99000   0.10000  1  0  0  0  0  1  0  4
10211  a0(980)(+)            0.99000   0.10000  1  0  0  0  0  3  1  2
10111  a0(980)(0)            0.99000   0.10000  1  0  0  0  0  3  0  3
-10211  a0(980)(-)            0.99000   0.10000  1  0  0  0  0  3 -1  2
333  phi(1020)              1.01900   0.00443  3  0  0  0  0  1  0  7
3122  Lambda                  1.11600   0.00000  2  1 -1  0  0  1  0  1
10223  h1(1170)                1.17000   0.36000  3  0  0  0  0  1  0  4
3222  Sigma(+)               1.19200   0.00000  2  1 -1  0  0  3  1  1
3212  Sigma(0)               1.19200   0.00000  2  1 -1  0  0  3  0  1
3112  Sigma(-)               1.19200   0.00000  2  1 -1  0  0  3 -1  1
20213  a1(1260)(+)           1.23000   0.40000  3  0  0  0  0  3  1  3
20113  a1(1260)(0)           1.23000   0.40000  3  0  0  0  0  3  0  3
-20213  a1(1260)(-)           1.23000   0.40000  3  0  0  0  0  3 -1  3
2224  Delta1232(++)         1.23200   0.11500  4  1  0  0  0  4  2  1
2214  Delta1232(+)          1.23200   0.11500  4  1  0  0  0  4  1  3
2114  Delta1232(0)          1.23200   0.11500  4  1  0  0  0  4  0  3
1114  Delta1232(-)          1.23200   0.11500  4  1  0  0  0  4 -1  1
10213  b1(1235)(+)           1.23500   0.14200  3  0  0  0  0  3  1  2
10113  b1(1235)(0)           1.23500   0.14200  3  0  0  0  0  3  0  2
-10213  b1(1235)(-)           1.23500   0.14200  3  0  0  0  0  3 -1  2
10323  K1-1270(+)             1.27300   0.09000  3  0  1  0  0  2  1  5
-10323  K1-1270(-)             1.27300   0.09000  3  0 -1  0  0  2 -1  5
10313  K1-1270(0)             1.27300   0.09000  3  0  1  0  0  2  0  5
-10313  Anti-K1-1270(0)        1.27300   0.09000  3  0 -1  0  0  2  0  5
225  f2(1270)               1.27500   0.18500  5  0  0  0  0  1  0  7
20223  f1(1285)               1.28200   0.02400  3  0  0  0  0  1  0 10
3322  Xsi(0)                 1.31500   0.00000  2  1 -2  0  0  2  0  1
3312  Xsi(-)                 1.31500   0.00000  2  1 -2  0  0  2 -1  1
215  a2-1320(+)             1.31800   0.10700  5  0  0  0  0  3  1  5
115  a2-1320(0)             1.31800   0.10700  5  0  0  0  0  3  0  6
-215  a2-1320(-)             1.31800   0.10700  5  0  0  0  0  3 -1  5
3224  Sigma(+)1385          1.38400   0.03600  4  1 -1  0  0  3  1  3
3214  Sigma(0)1385          1.38400   0.03600  4  1 -1  0  0  3  0  3
3114  Sigma(-)1385          1.38400   0.03600  4  1 -1  0  0  3 -1  3
10333  h1prime1380           1.38600   0.09000  3  0  0  0  0  1  0  4
20221  f0-1370                 1.37000   0.20000  1  0  0  0  0  1  0  7
20323  K1-1400(+)             1.40000   0.17400  3  0  1  0  0  2  1  5
-20323  K1-1400(-)             1.40000   0.17400  3  0 -1  0  0  2 -1  5
20313  K1-1400(0)             1.40000   0.17400  3  0  1  0  0  2  0  5
-20313  Anti-K1-1400(0)        1.40000   0.17400  3  0 -1  0  0  2  0  5
13122  Lambda-1405             1.40700   0.05000  2  1 -1  0  0  1  0  3
30323  K*1410(+)             1.41000   0.22700  3  0  1  0  0  2  1  6
-30323  K*1410(-)             1.41000   0.22700  3  0 -1  0  0  2 -1  6
30313  K*1410(0)             1.41000   0.22700  3  0  1  0  0  2  0  6
-30313  Anti-K*1410(0)        1.41000   0.22700  3  0 -1  0  0  2  0  6
50223  omega1420              1.41900   0.17400  3  0  0  0  0  1  0  3
20333  f1-1420                 1.42600   0.05500  3  0  0  0  0  1  0  5
10321  K0*1430(+)            1.42900   0.28700  1  0  1  0  0  2  1  2
-10321  K0*1430(-)            1.42900   0.28700  1  0 -1  0  0  2 -1  2
10311  K0*1430(0)            1.42900   0.28700  1  0  1  0  0  2  0  2
-10311  Anti-K0*1430(0)       1.42900   0.28700  1  0 -1  0  0  2  0  2
325  K2*1430(+)            1.43000   0.10000  5  0  1  0  0  2  1 10
-325  K2*1430(-)            1.43000   0.10000  5  0 -1  0  0  2 -1 10
315  K2*1430(0)            1.43000   0.10000  5  0  1  0  0  2  0 10
-315  Anti-K2*1430(0)       1.43000   0.10000  5  0 -1  0  0  2  0 10
12212  p-1440                  1.44000   0.35000  2  1  0  0  0  2  1  8
12112  n-1440                  1.44000   0.35000  2  1  0  0  0  2  0  8
40213  rho1450(+)           1.46500   0.31000  3  0  0  0  0  3  1  3
40113  rho1450(0)           1.46500   0.31000  3  0  0  0  0  3  0  3
-40213  rho1450(-)           1.46500   0.31000  3  0  0  0  0  3 -1  3
30211  a01450(+)             1.47400   0.26500  1  0  0  0  0  3  1  4
30111  a01450(0)             1.47400   0.26500  1  0  0  0  0  3  0  6
-30211  a01450(-)             1.47400   0.26500  1  0  0  0  0  3 -1  4
2124  p-1520                  1.51500   0.12000  4  1  0  0  0  2  1 10
1214  n-1520                  1.51500   0.12000  4  1  0  0  0  2  0 10
3124  Lambda1520             1.52000   0.01600  4  1 -1  0  0  1  0  9
335  f2prime1525           1.52500   0.07600  5  0  0  0  0  1  0  5
3324  Xsi(0)1530            1.53200   0.00900  4  1 -2  0  0  2  0  3
3314  Xsi(-)1530            1.53200   0.00900  4  1 -2  0  0  2 -1  3
22212  p-1535                  1.55000   0.14000  2  1  0  0  0  2  1  8
22112  n-1535                  1.55000   0.14000  2  1  0  0  0  2  0  8
23122  Lambda1600             1.60000   0.15000  2  1 -1  0  0  1  0  5
32212  p-1650                  1.64500   0.16000  2  1  0  0  0  2  1 16
32112  n-1650                  1.64500   0.16000  2  1  0  0  0  2  0 16
60223  omega(1650)            1.64900   0.22000  3  0  0  0  0  1  0  5
13222  Sigma(+)1660          1.66000   0.06000  2  1 -1  0  0  3  1  4
13212  Sigma(0)1660          1.66000   0.06000  2  1 -1  0  0  3  0  5
13112  Sigma(-)1660          1.66000   0.06000  2  1 -1  0  0  3 -1  4
33122  Lambda1670             1.67000   0.03500  2  1 -1  0  0  1  0  6
13224  Sigma(+)1670          1.67000   0.06000  4  1 -1  0  0  3  1  4
13214  Sigma(0)1670          1.67000   0.06000  4  1 -1  0  0  3  0  5
13114  Sigma(-)1670          1.67000   0.06000  4  1 -1  0  0  3 -1  4
3334  Omega                   1.67200   0.00000  4  1 -3  0  0  1 -1  1 
2222  Delta1620(++)         1.67500   0.16000  2  1  0  0  0  4  2  5
2122  Delta1620(+)          1.67500   0.16000  2  1  0  0  0  4  1  9
1212  Delta1620(0)          1.67500   0.16000  2  1  0  0  0  4  0  9
1112  Delta1620(-)          1.67500   0.16000  2  1  0  0  0  4 -1  5
2216  p-1675                  1.67500   0.14000  6  1  0  0  0  2  1  7
2116  n-1675                  1.67500   0.14000  6  1  0  0  0  2  0  7
40323  K*1680(+)             1.68000   0.32300  3  0  1  0  0  2  1  6
-40323  K*1680(-)             1.68000   0.32300  3  0 -1  0  0  2 -1  6
40313  K*1680(0)             1.68000   0.32300  3  0  1  0  0  2  0  6
-40313  Anti-K*1680(0)        1.68000   0.32300  3  0 -1  0  0  2  0  6
12216  p-1680                  1.68000   0.12000  6  1  0  0  0  2  1 12
12116  n-1680                  1.68000   0.12000  6  1  0  0  0  2  0 12
100333  phi-1680                1.68100   0.15000  3  0  0  0  0  1  0 10
13124  Lambda1690             1.69000   0.06000  4  1 -1  0  0  1  0  8
32224  Delta1600(++)         1.70000   0.35000  4  1  0  0  0  4  2  4
32214  Delta1600(+)          1.70000   0.35000  4  1  0  0  0  4  1  7
32114  Delta1600(0)          1.70000   0.35000  4  1  0  0  0  4  0  7
31114  Delta1600(-)          1.70000   0.35000  4  1  0  0  0  4 -1  4
13322  Xsi(0)1690            1.70000   0.05000  2  1 -2  0  0  2  0  5
13312  Xsi(-)1690            1.70000   0.05000  2  1 -2  0  0  2 -1  5
42212  p-1710                  1.71000   0.14000  2  1  0  0  0  2  1 16
42112  n-1710                  1.71000   0.14000  2  1  0  0  0  2  0 16
30213  rho1700(+)           1.72000   0.24000  3  0  0  0  0  3  1  7
30113  rho1700(0)           1.72000   0.24000  3  0  0  0  0  3  0  7
-30213  rho1700(-)           1.72000   0.24000  3  0  0  0  0  3 -1  7
32124  p-1720                  1.72000   0.15000  4  1  0  0  0  2  1 10
31214  n-1720                  1.72000   0.15000  4  1  0  0  0  2  0 10
22124  p-1700                  1.73000   0.12000  4  1  0  0  0  2  1 12
21214  n-1700                  1.73000   0.12000  4  1  0  0  0  2  0 12
12224  Delta1700(++)         1.75000   0.35000  4  1  0  0  0  4  2  4
12214  Delta1700(+)          1.75000   0.35000  4  1  0  0  0  4  1  7
12114  Delta1700(0)          1.75000   0.35000  4  1  0  0  0  4  0  7
11114  Delta1700(-)          1.75000   0.35000  4  1  0  0  0  4 -1  4
23222  Sigma(+)1750          1.75000   0.09000  2  1 -1  0  0  3  1  4
23212  Sigma(0)1750          1.75000   0.09000  2  1 -1  0  0  3  0  5
23112  Sigma(-)1750          1.75000   0.09000  2  1 -1  0  0  3 -1  4
3226  Sigma(+)1775          1.77500   0.12000  6  1 -1  0  0  3  1  7
3216  Sigma(0)1775          1.77500   0.12000  6  1 -1  0  0  3  0  8
3116  Sigma(-)1775          1.77500   0.12000  6  1 -1  0  0  3 -1  7
43122  Lambda1800             1.80000   0.30000  2  1 -1  0  0  1  0 10
53122  Lambda1810             1.81000   0.15000  2  1 -1  0  0  1  0 10
3126  Lambda1820             1.82000   0.08000  6  1 -1  0  0  1  0  9
13324  Xsi(0)1820            1.82300   0.02400  4  1 -2  0  0  2  0  5
13314  Xsi(-)1820            1.82300   0.02400  4  1 -2  0  0  2 -1  5
13126  Lambda1830             1.83000   0.09500  6  1 -1  0  0  1  0  8
12222  Delta1900(++)         1.84000   0.26000  2  1  0  0  0  4  2  5
12122  Delta1900(+)          1.84000   0.26000  2  1  0  0  0  4  1  9
11212  Delta1900(0)          1.84000   0.26000  2  1  0  0  0  4  0  9
11112  Delta1900(-)          1.84000   0.26000  2  1  0  0  0  4 -1  5
42124  p-1900                  1.85000   0.50000  4  1  0  0  0  2  1  7
41214  n-1900                  1.85000   0.50000  4  1  0  0  0  2  0  7
337  phi31850               1.85400   0.08700  7  0  0  0  0  1  0  6
2226  Delta1905(++)         1.88000   0.35000  6  1  0  0  0  4  2  4
2126  Delta1905(+)          1.88000   0.35000  6  1  0  0  0  4  1  7
1216  Delta1905(0)          1.88000   0.35000  6  1  0  0  0  4  0  7
1116  Delta1905(-)          1.88000   0.35000  6  1  0  0  0  4 -1  4
23124  Lambda1890             1.89000   0.10000  4  1 -1  0  0  1  0 11
22222  Delta1910(++)         1.90000   0.25000  2  1  0  0  0  4  2  5
22122  Delta1910(+)          1.90000   0.25000  2  1  0  0  0  4  1  9
21212  Delta1910(0)          1.90000   0.25000  2  1  0  0  0  4  0  9
21112  Delta1910(-)          1.90000   0.25000  2  1  0  0  0  4 -1  5
200333  phi1900                1.91000   0.09000  3  0  0  0  0  1  0  5
13226  Sigma(+)1915          1.91500   0.12000  6  1 -1  0  0  3  1  6
13216  Sigma(0)1915          1.91500   0.12000  6  1 -1  0  0  3  0  7
13116  Sigma(-)1915          1.91500   0.12000  6  1 -1  0  0  3 -1  6
22224  Delta1920(++)         1.92000   0.20000  4  1  0  0  0  4  2  5
22214  Delta1920(+)          1.92000   0.20000  4  1  0  0  0  4  1  9
22114  Delta1920(0)          1.92000   0.20000  4  1  0  0  0  4  0  9
21114  Delta1920(-)          1.92000   0.20000  4  1  0  0  0  4 -1  5
23224  Sigma(+)1940          1.94000   0.22000  4  1 -1  0  0  3  1 10
23214  Sigma(0)1940          1.94000   0.22000  4  1 -1  0  0  3  0 12
23114  Sigma(-)1940          1.94000   0.22000  4  1 -1  0  0  3 -1 10
12128  p-1990                  1.95000   0.55000  8  1  0  0  0  2  1 14
11218  n-1990                  1.95000   0.55000  8  1  0  0  0  2  0 14
23324  Xsi(0)1950            1.95000   0.06000  4  1 -2  0  0  2  0  5
23314  Xsi(-)1950            1.95000   0.06000  4  1 -2  0  0  2 -1  5
12226  Delta1930(++)         1.97000   0.35000  6  1  0  0  0  4  2  6
12126  Delta1930(+)          1.97000   0.35000  6  1  0  0  0  4  1 11
11216  Delta1930(0)          1.97000   0.35000  6  1  0  0  0  4  0 11
11116  Delta1930(-)          1.97000   0.35000  6  1  0  0  0  4 -1  6
2228  Delta1950(++)         1.99000   0.35000  8  1  0  0  0  4  2  7
2218  Delta1950(+)          1.99000   0.35000  8  1  0  0  0  4  1 13
2118  Delta1950(0)          1.99000   0.35000  8  1  0  0  0  4  0  13
1118  Delta1950(-)          1.99000   0.35000  8  1  0  0  0  4 -1  7
52124  p-2080                  2.00000   0.35000  4  1  0  0  0  2  1 13
51214  n-2080                  2.00000   0.35000  4  1  0  0  0  2  0 13
3326  Xsi(0)2030            2.02500   0.02000  6  1 -2  0  0  2  0  5
3316  Xsi(-)2030            2.02500   0.02000  6  1 -2  0  0  2 -1  5
3228  Sigma(+)2030          2.03000   0.18000  8  1 -1  0  0  3  1 10
3218  Sigma(0)2030          2.03000   0.18000  8  1 -1  0  0  3  0 12
3118  Sigma(-)2030          2.03000   0.18000  8  1 -1  0  0  3 -1 10
3128  Lambda2100             2.10000   0.20000  8  1 -1  0  0  1  0 12
23126  Lambda2110             2.11000   0.20000  6  1 -1  0  0  1  0  7
22128  p-2190                  2.15000   0.50000  8  1  0  0  0  2  1 14
21218  n-2190                  2.15000   0.50000  8  1  0  0  0  2  0 14
2210  p-2220                  2.22000   0.55000 10  1  0  0  0  2  1 11
2110  n-2220                  2.22000   0.55000 10  1  0  0  0  2  0 11
12210  p-2250                  2.25000   0.47000 10  1  0  0  0  2  1 13
12110  n-2250                  2.25000   0.47000 10  1  0  0  0  2  0 13
